{
    "camera_angle_x": 0.6911112070083618,
    "frames": [
        {
            "file_path": "Spiral",
            "rotation": "Spiral",
            "transform_matrix": [
                [
                    -1.0,
                    0.0,
                    0.0,
                    0.0
                ],
                [
                    0.0,
                    0.0,
                    1.0,
                    5.0
                ],
                [
                    0.0,
                    1.0,
                    0.0,
                    0.0
                ],
                [
                    0.0,
                    0.0,
                    0.0,
                    1.0
                ]
            ]
        },
        {
            "file_path": "Spiral",
            "rotation": "Spiral",
            "transform_matrix": [
                [
                    -0.9991228580474854,
                    -0.00021925941109657288,
                    0.04187507927417755,
                    0.20937539637088776
                ],
                [
                    0.041875652968883514,
                    -0.005231371149420738,
                    0.999109148979187,
                    4.995545864105225
                ],
                [
                    0.0,
                    0.9999862909317017,
                    0.0052359639666974545,
                    0.02617982029914856
                ],
                [
                    0.0,
                    0.0,
                    0.0,
                    1.0
                ]
            ]
        },
        {
            "file_path": "Spiral",
            "rotation": "Spiral",
            "transform_matrix": [
                [
                    -0.996492862701416,
                    -0.00087625632295385,
                    0.08367325365543365,
                    0.41836628317832947
                ],
                [
                    0.08367784321308136,
                    -0.010435058735311031,
                    0.996438205242157,
                    4.98219108581543
                ],
                [
                    0.0,
                    0.9999451637268066,
                    0.010471784509718418,
                    0.052358921617269516
                ],
                [
                    0.0,
                    0.0,
                    0.0,
                    1.0
                ]
            ]
        },
        {
            "file_path": "Spiral",
            "rotation": "Spiral",
            "transform_matrix": [
                [
                    -0.9921147227287292,
                    -0.0019686489831656218,
                    0.1253177672624588,
                    0.6265888214111328
                ],
                [
                    0.12533323466777802,
                    -0.015583461150527,
                    0.9919922947883606,
                    4.959961414337158
                ],
                [
                    0.0,
                    0.9998766183853149,
                    0.015707317739725113,
                    0.07853658497333527
                ],
                [
                    0.0,
                    0.0,
                    0.0,
                    1.0
                ]
            ]
        },
        {
            "file_path": "Spiral",
            "rotation": "Spiral",
            "transform_matrix": [
                [
                    -0.9859960079193115,
                    -0.0034925411455333233,
                    0.16673216223716736,
                    0.8336608409881592
                ],
                [
                    0.16676874458789825,
                    -0.020649142563343048,
                    0.9857797622680664,
                    4.928898811340332
                ],
                [
                    0.0,
                    0.9997806549072266,
                    0.02094241976737976,
                    0.1047120988368988
                ],
                [
                    0.0,
                    0.0,
                    0.0,
                    1.0
                ]
            ]
        },
        {
            "file_path": "Spiral",
            "rotation": "Spiral",
            "transform_matrix": [
                [
                    -0.9781476259231567,
                    -0.005442493595182896,
                    0.2078404426574707,
                    1.0392022132873535
                ],
                [
                    0.2079116851091385,
                    -0.025604920461773872,
                    0.9778124690055847,
                    4.889062404632568
                ],
                [
                    0.0,
                    0.9996573328971863,
                    0.026176948100328445,
                    0.13088473677635193
                ],
                [
                    0.0,
                    0.0,
                    0.0,
                    1.0
                ]
            ]
        },
        {
            "file_path": "Spiral",
            "rotation": "Spiral",
            "transform_matrix": [
                [
                    -0.9685831665992737,
                    -0.007811537943780422,
                    0.24856716394424438,
                    1.2428358793258667
                ],
                [
                    0.24868988990783691,
                    -0.030423931777477264,
                    0.9681051969528198,
                    4.840526103973389
                ],
                [
                    0.0,
                    0.9995065331459045,
                    0.03141075745224953,
                    0.15705378353595734
                ],
                [
                    0.0,
                    0.0,
                    0.0,
                    1.0
                ]
            ]
        },
        {
            "file_path": "Spiral",
            "rotation": "Spiral",
            "transform_matrix": [
                [
                    -0.9573194980621338,
                    -0.01059119775891304,
                    0.2888376712799072,
                    1.4441884756088257
                ],
                [
                    0.2890318036079407,
                    -0.03507973626255989,
                    0.9566765427589417,
                    4.783382892608643
                ],
                [
                    0.0,
                    0.9993283748626709,
                    0.03664370998740196,
                    0.1832185536623001
                ],
                [
                    0.0,
                    0.0,
                    0.0,
                    1.0
                ]
            ]
        },
        {
            "file_path": "Spiral",
            "rotation": "Spiral",
            "transform_matrix": [
                [
                    -0.9443763494491577,
                    -0.013771506026387215,
                    0.3285782039165497,
                    1.6428909301757812
                ],
                [
                    0.3288666605949402,
                    -0.03954637795686722,
                    0.9435480237007141,
                    4.717739582061768
                ],
                [
                    0.0,
                    0.9991228580474854,
                    0.041875652968883514,
                    0.20937827229499817
                ],
                [
                    0.0,
                    0.0,
                    0.0,
                    1.0
                ]
            ]
        },
        {
            "file_path": "Spiral",
            "rotation": "Spiral",
            "transform_matrix": [
                [
                    -0.9297764897346497,
                    -0.017341041937470436,
                    0.36771586537361145,
                    1.8385792970657349
                ],
                [
                    0.3681245446205139,
                    -0.04379847273230553,
                    0.9287443161010742,
                    4.643721580505371
                ],
                [
                    0.0,
                    0.9988898634910583,
                    0.04710645228624344,
                    0.2355322539806366
                ],
                [
                    0.0,
                    0.0,
                    0.0,
                    1.0
                ]
            ]
        },
        {
            "file_path": "Spiral",
            "rotation": "Spiral",
            "transform_matrix": [
                [
                    -0.9135454297065735,
                    -0.02128695137798786,
                    0.4061792194843292,
                    2.030895948410034
                ],
                [
                    0.4067366421222687,
                    -0.047811273485422134,
                    0.9122934341430664,
                    4.561467170715332
                ],
                [
                    0.0,
                    0.9986295104026794,
                    0.0523359552025795,
                    0.2616797685623169
                ],
                [
                    0.0,
                    0.0,
                    0.0,
                    1.0
                ]
            ]
        },
        {
            "file_path": "Spiral",
            "rotation": "Spiral",
            "transform_matrix": [
                [
                    -0.8957117795944214,
                    -0.02559499256312847,
                    0.44389787316322327,
                    2.219489336013794
                ],
                [
                    0.44463518261909485,
                    -0.05156077817082405,
                    0.8942264914512634,
                    4.471132278442383
                ],
                [
                    0.0,
                    0.9983417987823486,
                    0.05756402760744095,
                    0.28782013058662415
                ],
                [
                    0.0,
                    0.0,
                    0.0,
                    1.0
                ]
            ]
        },
        {
            "file_path": "Spiral",
            "rotation": "Spiral",
            "transform_matrix": [
                [
                    -0.8763066530227661,
                    -0.030249563977122307,
                    0.4808030426502228,
                    2.404015302658081
                ],
                [
                    0.4817536771297455,
                    -0.05502375215291977,
                    0.8745774626731873,
                    4.37288761138916
                ],
                [
                    0.0,
                    0.9980267286300659,
                    0.06279052048921585,
                    0.31395259499549866
                ],
                [
                    0.0,
                    0.0,
                    0.0,
                    1.0
                ]
            ]
        },
        {
            "file_path": "Spiral",
            "rotation": "Spiral",
            "transform_matrix": [
                [
                    -0.8553642630577087,
                    -0.0352337583899498,
                    0.516827404499054,
                    2.584136962890625
                ],
                [
                    0.5180270075798035,
                    -0.058177851140499115,
                    0.853383481502533,
                    4.2669172286987305
                ],
                [
                    0.0,
                    0.9976842999458313,
                    0.06801529228687286,
                    0.3400764465332031
                ],
                [
                    0.0,
                    0.0,
                    0.0,
                    1.0
                ]
            ]
        },
        {
            "file_path": "Spiral",
            "rotation": "Spiral",
            "transform_matrix": [
                [
                    -0.8329212665557861,
                    -0.04052940011024475,
                    0.5519053936004639,
                    2.7595269680023193
                ],
                [
                    0.5533915758132935,
                    -0.061001650989055634,
                    0.8306844234466553,
                    4.153421878814697
                ],
                [
                    0.0,
                    0.997314453125,
                    0.07323819398880005,
                    0.36619096994400024
                ],
                [
                    0.0,
                    0.0,
                    0.0,
                    1.0
                ]
            ]
        },
        {
            "file_path": "Spiral",
            "rotation": "Spiral",
            "transform_matrix": [
                [
                    -0.80901700258255,
                    -0.04611710086464882,
                    0.5859732627868652,
                    2.9298665523529053
                ],
                [
                    0.5877852439880371,
                    -0.06347474455833435,
                    0.8065230250358582,
                    4.0326151847839355
                ],
                [
                    0.0,
                    0.9969173073768616,
                    0.07845909893512726,
                    0.3922954797744751
                ],
                [
                    0.0,
                    0.0,
                    0.0,
                    1.0
                ]
            ]
        },
        {
            "file_path": "Spiral",
            "rotation": "Spiral",
            "transform_matrix": [
                [
                    -0.7836934328079224,
                    -0.05197630450129509,
                    0.6189693212509155,
                    3.094846487045288
                ],
                [
                    0.6211477518081665,
                    -0.06557777523994446,
                    0.7809448838233948,
                    3.904724597930908
                ],
                [
                    0.0,
                    0.996492862701416,
                    0.08367784321308136,
                    0.4183892011642456
                ],
                [
                    0.0,
                    0.0,
                    0.0,
                    1.0
                ]
            ]
        },
        {
            "file_path": "Spiral",
            "rotation": "Spiral",
            "transform_matrix": [
                [
                    -0.7569950819015503,
                    -0.0580853708088398,
                    0.650833785533905,
                    3.25416898727417
                ],
                [
                    0.653420627117157,
                    -0.06729254871606827,
                    0.7539981603622437,
                    3.769991159439087
                ],
                [
                    0.0,
                    0.9960410594940186,
                    0.0888943001627922,
                    0.4444715082645416
                ],
                [
                    0.0,
                    0.0,
                    0.0,
                    1.0
                ]
            ]
        },
        {
            "file_path": "Spiral",
            "rotation": "Spiral",
            "transform_matrix": [
                [
                    -0.728968620300293,
                    -0.06442157179117203,
                    0.6815090775489807,
                    3.407545566558838
                ],
                [
                    0.6845471262931824,
                    -0.06860201060771942,
                    0.7257333993911743,
                    3.628667116165161
                ],
                [
                    0.0,
                    0.995561957359314,
                    0.09410831332206726,
                    0.4705415666103363
                ],
                [
                    0.0,
                    0.0,
                    0.0,
                    1.0
                ]
            ]
        },
        {
            "file_path": "Spiral",
            "rotation": "Spiral",
            "transform_matrix": [
                [
                    -0.6996633410453796,
                    -0.07096124440431595,
                    0.7109400033950806,
                    3.5546998977661133
                ],
                [
                    0.7144726514816284,
                    -0.06949038803577423,
                    0.696203887462616,
                    3.4810194969177246
                ],
                [
                    0.0,
                    0.9950555562973022,
                    0.09931974858045578,
                    0.4965987503528595
                ],
                [
                    0.0,
                    0.0,
                    0.0,
                    1.0
                ]
            ]
        },
        {
            "file_path": "Spiral",
            "rotation": "Spiral",
            "transform_matrix": [
                [
                    -0.6691306233406067,
                    -0.07767978310585022,
                    0.7390738129615784,
                    3.695369005203247
                ],
                [
                    0.7431448101997375,
                    -0.06994319707155228,
                    0.6654650568962097,
                    3.3273253440856934
                ],
                [
                    0.0,
                    0.9945219159126282,
                    0.10452846437692642,
                    0.5226423144340515
                ],
                [
                    0.0,
                    0.0,
                    0.0,
                    1.0
                ]
            ]
        },
        {
            "file_path": "Spiral",
            "rotation": "Spiral",
            "transform_matrix": [
                [
                    -0.6374239921569824,
                    -0.08455173671245575,
                    0.7658600807189941,
                    3.8293004035949707
                ],
                [
                    0.7705132365226746,
                    -0.06994727998971939,
                    0.6335745453834534,
                    3.167872905731201
                ],
                [
                    0.0,
                    0.993960976600647,
                    0.10973431169986725,
                    0.548671543598175
                ],
                [
                    0.0,
                    0.0,
                    0.0,
                    1.0
                ]
            ]
        },
        {
            "file_path": "Spiral",
            "rotation": "Spiral",
            "transform_matrix": [
                [
                    -0.604599118232727,
                    -0.09155087172985077,
                    0.7912510633468628,
                    3.9562554359436035
                ],
                [
                    0.7965298891067505,
                    -0.06949090212583542,
                    0.6005922555923462,
                    3.0029613971710205
                ],
                [
                    0.0,
                    0.9933727383613586,
                    0.11493714898824692,
                    0.5746857523918152
                ],
                [
                    0.0,
                    0.0,
                    0.0,
                    1.0
                ]
            ]
        },
        {
            "file_path": "Spiral",
            "rotation": "Spiral",
            "transform_matrix": [
                [
                    -0.5707135796546936,
                    -0.09865027666091919,
                    0.8152019381523132,
                    4.076009750366211
                ],
                [
                    0.8211492300033569,
                    -0.06856372952461243,
                    0.566580057144165,
                    2.8329005241394043
                ],
                [
                    0.0,
                    0.9927573204040527,
                    0.12013684213161469,
                    0.6006842255592346
                ],
                [
                    0.0,
                    0.0,
                    0.0,
                    1.0
                ]
            ]
        },
        {
            "file_path": "Spiral",
            "rotation": "Spiral",
            "transform_matrix": [
                [
                    -0.5358268022537231,
                    -0.10582234710454941,
                    0.8376701474189758,
                    4.188350677490234
                ],
                [
                    0.8443279266357422,
                    -0.06715690344572067,
                    0.5316016674041748,
                    2.658008337020874
                ],
                [
                    0.0,
                    0.9921147227287292,
                    0.12533323466777802,
                    0.6266661882400513
                ],
                [
                    0.0,
                    0.0,
                    0.0,
                    1.0
                ]
            ]
        },
        {
            "file_path": "Spiral",
            "rotation": "Spiral",
            "transform_matrix": [
                [
                    -0.5,
                    -0.11303898692131042,
                    0.8586164712905884,
                    4.293082237243652
                ],
                [
                    0.8660253882408142,
                    -0.06526309251785278,
                    0.4957224428653717,
                    2.478612184524536
                ],
                [
                    0.0,
                    0.9914448857307434,
                    0.13052618503570557,
                    0.6526309251785278
                ],
                [
                    0.0,
                    0.0,
                    0.0,
                    1.0
                ]
            ]
        },
        {
            "file_path": "Spiral",
            "rotation": "Spiral",
            "transform_matrix": [
                [
                    -0.4632960259914398,
                    -0.12027163058519363,
                    0.8780043125152588,
                    4.390021324157715
                ],
                [
                    0.8862035870552063,
                    -0.06287648528814316,
                    0.4590095579624176,
                    2.2950477600097656
                ],
                [
                    0.0,
                    0.99074786901474,
                    0.1357155740261078,
                    0.6785778999328613
                ],
                [
                    0.0,
                    0.0,
                    0.0,
                    1.0
                ]
            ]
        },
        {
            "file_path": "Spiral",
            "rotation": "Spiral",
            "transform_matrix": [
                [
                    -0.4257792830467224,
                    -0.12749125063419342,
                    0.8958002328872681,
                    4.479001045227051
                ],
                [
                    0.9048270583152771,
                    -0.05999282747507095,
                    0.4215315580368042,
                    2.1076579093933105
                ],
                [
                    0.0,
                    0.990023672580719,
                    0.14090123772621155,
                    0.7045061588287354
                ],
                [
                    0.0,
                    0.0,
                    0.0,
                    1.0
                ]
            ]
        },
        {
            "file_path": "Spiral",
            "rotation": "Spiral",
            "transform_matrix": [
                [
                    -0.3875155746936798,
                    -0.13466855883598328,
                    0.9119737148284912,
                    4.559868335723877
                ],
                [
                    0.9218631386756897,
                    -0.05660944804549217,
                    0.3833584487438202,
                    1.9167921543121338
                ],
                [
                    0.0,
                    0.9892723560333252,
                    0.1460830271244049,
                    0.7304151058197021
                ],
                [
                    0.0,
                    0.0,
                    0.0,
                    1.0
                ]
            ]
        },
        {
            "file_path": "Spiral",
            "rotation": "Spiral",
            "transform_matrix": [
                [
                    -0.3485720455646515,
                    -0.1417740434408188,
                    0.9264974594116211,
                    4.6324872970581055
                ],
                [
                    0.9372819662094116,
                    -0.05272529274225235,
                    0.3445613384246826,
                    1.7228065729141235
                ],
                [
                    0.0,
                    0.9884938597679138,
                    0.15126082301139832,
                    0.756304144859314
                ],
                [
                    0.0,
                    0.0,
                    0.0,
                    1.0
                ]
            ]
        },
        {
            "file_path": "Spiral",
            "rotation": "Spiral",
            "transform_matrix": [
                [
                    -0.30901700258255005,
                    -0.1487780213356018,
                    0.939347505569458,
                    4.696737289428711
                ],
                [
                    0.9510565400123596,
                    -0.04834090918302536,
                    0.30521249771118164,
                    1.5260624885559082
                ],
                [
                    0.0,
                    0.9876883625984192,
                    0.15643446147441864,
                    0.7821723222732544
                ],
                [
                    0.0,
                    0.0,
                    0.0,
                    1.0
                ]
            ]
        },
        {
            "file_path": "Spiral",
            "rotation": "Spiral",
            "transform_matrix": [
                [
                    -0.26891982555389404,
                    -0.15565074980258942,
                    0.9505025148391724,
                    4.752511978149414
                ],
                [
                    0.9631625413894653,
                    -0.043458472937345505,
                    0.26538506150245667,
                    1.326925277709961
                ],
                [
                    0.0,
                    0.9868557453155518,
                    0.16160382330417633,
                    0.8080191016197205
                ],
                [
                    0.0,
                    0.0,
                    0.0,
                    1.0
                ]
            ]
        },
        {
            "file_path": "Spiral",
            "rotation": "Spiral",
            "transform_matrix": [
                [
                    -0.22835086286067963,
                    -0.16236253082752228,
                    0.9599449634552002,
                    4.79972505569458
                ],
                [
                    0.973578929901123,
                    -0.03808178752660751,
                    0.22515304386615753,
                    1.1257652044296265
                ],
                [
                    0.0,
                    0.9859960079193115,
                    0.16676874458789825,
                    0.8338437080383301
                ],
                [
                    0.0,
                    0.0,
                    0.0,
                    1.0
                ]
            ]
        },
        {
            "file_path": "Spiral",
            "rotation": "Spiral",
            "transform_matrix": [
                [
                    -0.187381312251091,
                    -0.1688837707042694,
                    0.9676603078842163,
                    4.838301658630371
                ],
                [
                    0.9822872281074524,
                    -0.032216303050518036,
                    0.18459108471870422,
                    0.9229553937911987
                ],
                [
                    0.0,
                    0.9851093292236328,
                    0.17192910611629486,
                    0.8596455454826355
                ],
                [
                    0.0,
                    0.0,
                    0.0,
                    1.0
                ]
            ]
        },
        {
            "file_path": "Spiral",
            "rotation": "Spiral",
            "transform_matrix": [
                [
                    -0.1460830271244049,
                    -0.17518503963947296,
                    0.9736374616622925,
                    4.868187427520752
                ],
                [
                    0.9892723560333252,
                    -0.02586907520890236,
                    0.14377427101135254,
                    0.7188713550567627
                ],
                [
                    0.0,
                    0.9841955900192261,
                    0.17708474397659302,
                    0.8854237198829651
                ],
                [
                    0.0,
                    0.0,
                    0.0,
                    1.0
                ]
            ]
        },
        {
            "file_path": "Spiral",
            "rotation": "Spiral",
            "transform_matrix": [
                [
                    -0.10452846437692642,
                    -0.18123722076416016,
                    0.9778685569763184,
                    4.889342784881592
                ],
                [
                    0.9945219159126282,
                    -0.019048798829317093,
                    0.1027781292796135,
                    0.5138906240463257
                ],
                [
                    0.0,
                    0.9832549095153809,
                    0.18223552405834198,
                    0.9111776351928711
                ],
                [
                    0.0,
                    0.0,
                    0.0,
                    1.0
                ]
            ]
        },
        {
            "file_path": "Spiral",
            "rotation": "Spiral",
            "transform_matrix": [
                [
                    -0.06279052048921585,
                    -0.18701155483722687,
                    0.9803488850593567,
                    4.901744365692139
                ],
                [
                    0.9980267286300659,
                    -0.011765769682824612,
                    0.06167832762002945,
                    0.30839163064956665
                ],
                [
                    0.0,
                    0.9822872281074524,
                    0.187381312251091,
                    0.9369065761566162
                ],
                [
                    0.0,
                    0.0,
                    0.0,
                    1.0
                ]
            ]
        },
        {
            "file_path": "Spiral",
            "rotation": "Spiral",
            "transform_matrix": [
                [
                    -0.02094241976737976,
                    -0.19247972965240479,
                    0.9810774326324463,
                    4.905386924743652
                ],
                [
                    0.9997806549072266,
                    -0.004031875636428595,
                    0.020550642162561417,
                    0.10275320708751678
                ],
                [
                    0.0,
                    0.9812926650047302,
                    0.19252195954322815,
                    0.9626097679138184
                ],
                [
                    0.0,
                    0.0,
                    0.0,
                    1.0
                ]
            ]
        },
        {
            "file_path": "Spiral",
            "rotation": "Spiral",
            "transform_matrix": [
                [
                    0.02094241976737976,
                    -0.19761398434638977,
                    0.9800561666488647,
                    4.900280475616455
                ],
                [
                    0.9997806549072266,
                    0.004139422904700041,
                    -0.0205292496830225,
                    -0.10264624655246735
                ],
                [
                    0.0,
                    0.9802711606025696,
                    0.19765734672546387,
                    0.9882867336273193
                ],
                [
                    0.0,
                    0.0,
                    0.0,
                    1.0
                ]
            ]
        },
        {
            "file_path": "Spiral",
            "rotation": "Spiral",
            "transform_matrix": [
                [
                    0.06279052048921585,
                    -0.20238713920116425,
                    0.9772905707359314,
                    4.886453151702881
                ],
                [
                    0.9980267286300659,
                    0.012733119539916515,
                    -0.06148591265082359,
                    -0.30742958188056946
                ],
                [
                    0.0,
                    0.97922283411026,
                    0.20278729498386383,
                    1.0139365196228027
                ],
                [
                    0.0,
                    0.0,
                    0.0,
                    1.0
                ]
            ]
        },
        {
            "file_path": "Spiral",
            "rotation": "Spiral",
            "transform_matrix": [
                [
                    0.10452846437692642,
                    -0.20677272975444794,
                    0.9727892279624939,
                    4.863945960998535
                ],
                [
                    0.9945219159126282,
                    0.021732689812779427,
                    -0.10224427282810211,
                    -0.5112213492393494
                ],
                [
                    0.0,
                    0.9781476259231567,
                    0.2079116851091385,
                    1.0395584106445312
                ],
                [
                    0.0,
                    0.0,
                    0.0,
                    1.0
                ]
            ]
        },
        {
            "file_path": "Spiral",
            "rotation": "Spiral",
            "transform_matrix": [
                [
                    0.1460830271244049,
                    -0.21074506640434265,
                    0.9665641784667969,
                    4.832821369171143
                ],
                [
                    0.9892723560333252,
                    0.031120123341679573,
                    -0.1427297741174698,
                    -0.7136489152908325
                ],
                [
                    0.0,
                    0.9770455956459045,
                    0.2130303829908371,
                    1.0651519298553467
                ],
                [
                    0.0,
                    0.0,
                    0.0,
                    1.0
                ]
            ]
        },
        {
            "file_path": "Spiral",
            "rotation": "Spiral",
            "transform_matrix": [
                [
                    0.187381312251091,
                    -0.21427932381629944,
                    0.9586305618286133,
                    4.793152809143066
                ],
                [
                    0.9822872281074524,
                    0.04087596759200096,
                    -0.18286855518817902,
                    -0.9143428206443787
                ],
                [
                    0.0,
                    0.9759167432785034,
                    0.21814323961734772,
                    1.0907162427902222
                ],
                [
                    0.0,
                    0.0,
                    0.0,
                    1.0
                ]
            ]
        },
        {
            "file_path": "Spiral",
            "rotation": "Spiral",
            "transform_matrix": [
                [
                    0.22835086286067963,
                    -0.21735161542892456,
                    0.949006974697113,
                    4.745034694671631
                ],
                [
                    0.973578929901123,
                    0.050979357212781906,
                    -0.22258755564689636,
                    -1.1129378080368042
                ],
                [
                    0.0,
                    0.9747611880302429,
                    0.2232501208782196,
                    1.1162506341934204
                ],
                [
                    0.0,
                    0.0,
                    0.0,
                    1.0
                ]
            ]
        },
        {
            "file_path": "Spiral",
            "rotation": "Spiral",
            "transform_matrix": [
                [
                    0.26891982555389404,
                    -0.2199389934539795,
                    0.9377147555351257,
                    4.688573837280273
                ],
                [
                    0.9631625413894653,
                    0.06140807271003723,
                    -0.261814683675766,
                    -1.3090733289718628
                ],
                [
                    0.0,
                    0.973578929901123,
                    0.22835086286067963,
                    1.1417542695999146
                ],
                [
                    0.0,
                    0.0,
                    0.0,
                    1.0
                ]
            ]
        },
        {
            "file_path": "Spiral",
            "rotation": "Spiral",
            "transform_matrix": [
                [
                    0.30901700258255005,
                    -0.2220197319984436,
                    0.9247787594795227,
                    4.623894214630127
                ],
                [
                    0.9510565400123596,
                    0.07213858515024185,
                    -0.30047884583473206,
                    -1.502394199371338
                ],
                [
                    0.0,
                    0.972369909286499,
                    0.23344536125659943,
                    1.167226791381836
                ],
                [
                    0.0,
                    0.0,
                    0.0,
                    1.0
                ]
            ]
        },
        {
            "file_path": "Spiral",
            "rotation": "Spiral",
            "transform_matrix": [
                [
                    0.3485720455646515,
                    -0.22357310354709625,
                    0.9102266430854797,
                    4.551133155822754
                ],
                [
                    0.9372819662094116,
                    0.0831460952758789,
                    -0.33851027488708496,
                    -1.6925512552261353
                ],
                [
                    0.0,
                    0.9711343050003052,
                    0.23853345215320587,
                    1.1926672458648682
                ],
                [
                    0.0,
                    0.0,
                    0.0,
                    1.0
                ]
            ]
        },
        {
            "file_path": "Spiral",
            "rotation": "Spiral",
