{
    "camera_angle_x": 0.8575560450553894,
    "sensor_width": 32.0,
    "aabb": [
        [
            -0.5,
            -0.5,
            -0.5
        ],
        [
            0.5,
            0.5,
            0.5
        ]
    ],
    "frames": [
        {
            "file_path": "Circle",
            "transform_matrix": [
                [
                    -1.0,
                    0.0,
                    0.0,
                    0.0
                ],
                [
                    0.0,
                    -0.3420200049877167,
                    0.9396926760673523,
                    1.879385232925415
                ],
                [
                    0.0,
                    0.9396926760673523,
                    0.3420199751853943,
                    0.6840402483940125
                ],
                [
                    0,
                    0,
                    0,
                    1
                ]
            ]
        },
        {
            "file_path": "Circle",
            "transform_matrix": [
                [
                    -0.9997807741165161,
                    0.007162727881222963,
                    -0.019679436460137367,
                    -0.039358872920274734
                ],
                [
                    -0.02094241976737976,
                    -0.341945081949234,
                    0.9394866228103638,
                    1.878973126411438
                ],
                [
                    8.174769750013411e-10,
                    0.9396926760673523,
                    0.34202003479003906,
                    0.6840402483940125
                ],
                [
                    0,
                    0,
                    0,
                    1
                ]
            ]
        },
        {
            "file_path": "Circle",
            "transform_matrix": [
                [
                    -0.9991233348846436,
                    0.014322319999337196,
                    -0.039350252598524094,
                    -0.0787004828453064
                ],
                [
                    -0.04187566414475441,
                    -0.3417204022407532,
                    0.9388685822486877,
                    1.8777366876602173
                ],
                [
                    2.0640389397641457e-09,
                    0.9396928548812866,
                    0.3420199155807495,
                    0.6840402483940125
                ],
                [
                    0,
                    0,
                    0,
                    1
                ]
            ]
        },
        {
            "file_path": "Circle",
            "transform_matrix": [
                [
                    -0.9980267286300659,
                    0.021475622430443764,
                    -0.059003796428442,
                    -0.1180075854063034
                ],
                [
                    -0.06279052793979645,
                    -0.3413451611995697,
                    0.9378383755683899,
                    1.8756767511367798
                ],
                [
                    1.4808152482004289e-09,
                    0.9396926760673523,
                    0.34202006459236145,
                    0.6840402483940125
                ],
                [
                    0,
                    0,
                    0,
                    1
                ]
            ]
        },
        {
            "file_path": "Circle",
            "transform_matrix": [
                [
                    -0.9964930415153503,
                    0.028619498014450073,
                    -0.07863146811723709,
                    -0.1572629064321518
                ],
                [
                    -0.08367785066366196,
                    -0.3408204913139343,
                    0.936397135257721,
                    1.8727940320968628
                ],
                [
                    8.432981424277841e-09,
                    0.9396927952766418,
                    0.34201982617378235,
                    0.6840402483940125
                ],
                [
                    0,
                    0,
                    0,
                    1
                ]
            ]
        },
        {
            "file_path": "Circle",
            "transform_matrix": [
                [
                    -0.9945218563079834,
                    0.03575083985924721,
                    -0.09822462499141693,
                    -0.19644924998283386
                ],
                [
                    -0.10452846437692642,
                    -0.3401464521884918,
                    0.9345448613166809,
                    1.8690897226333618
                ],
                [
                    4.806453901551322e-09,
                    0.9396926164627075,
                    0.3420201241970062,
                    0.6840402483940125
                ],
                [
                    0,
                    0,
                    0,
                    1
                ]
            ]
        },
        {
            "file_path": "Circle",
            "transform_matrix": [
                [
                    -0.9921148419380188,
                    0.042866483330726624,
                    -0.11777472496032715,
                    -0.2355494350194931
                ],
                [
                    -0.12533323466777802,
                    -0.3393232226371765,
                    0.9322829842567444,
                    1.8645657300949097
                ],
                [
                    3.611404508774285e-09,
                    0.9396927356719971,
                    0.3420200049877167,
                    0.6840402483940125
                ],
                [
                    0,
                    0,
                    0,
                    1
                ]
            ]
        },
        {
            "file_path": "Circle",
            "transform_matrix": [
                [
                    -0.98927241563797,
                    0.04996332898736,
                    -0.1372731328010559,
                    -0.2745462656021118
                ],
                [
                    -0.1460830122232437,
                    -0.33835098147392273,
                    0.9296119809150696,
                    1.8592238426208496
                ],
                [
                    1.2399901549997594e-08,
                    0.9396926760673523,
                    0.3420200049877167,
                    0.6840402483940125
                ],
                [
                    0,
                    0,
                    0,
                    1
                ]
            ]
        },
        {
            "file_path": "Circle",
            "transform_matrix": [
                [
                    -0.9859961271286011,
                    0.057038262486457825,
                    -0.15671135485172272,
                    -0.31342270970344543
                ],
                [
                    -0.16676874458789825,
                    -0.33723053336143494,
                    0.9265332818031311,
                    1.8530664443969727
                ],
                [
                    -2.2068569194289012e-11,
                    0.9396926760673523,
                    0.34202006459236145,
                    0.6840402483940125
                ],
                [
                    0,
                    0,
                    0,
                    1
                ]
            ]
        },
        {
            "file_path": "Circle",
            "transform_matrix": [
                [
                    -0.9822872281074524,
                    0.06408817321062088,
                    -0.1760808527469635,
                    -0.3521616756916046
                ],
                [
                    -0.1873813271522522,
                    -0.3359619379043579,
                    0.9230480790138245,
                    1.846096158027649
                ],
                [
                    9.106591036811551e-10,
                    0.9396926164627075,
                    0.34202006459236145,
                    0.6840402483940125
                ],
                [
                    0,
                    0,
                    0,
                    1
                ]
            ]
        },
        {
            "file_path": "Circle",
            "transform_matrix": [
                [
                    -0.9781478047370911,
                    0.07110997289419174,
                    -0.19537310302257538,
                    -0.39074617624282837
                ],
                [
                    -0.20791170001029968,
                    -0.3345462381839752,
                    0.9191582202911377,
                    1.8383162021636963
                ],
                [
                    -4.1239189840780455e-10,
                    0.9396927356719971,
                    0.3420199751853943,
                    0.6840402483940125
                ],
                [
                    0,
                    0,
                    0,
                    1
                ]
            ]
        },
        {
            "file_path": "Circle",
            "transform_matrix": [
                [
                    -0.973578929901123,
                    0.07810060679912567,
                    -0.21457965672016144,
                    -0.4291592538356781
                ],
                [
                    -0.22835089266300201,
                    -0.3329835832118988,
                    0.9148648977279663,
                    1.8297297954559326
                ],
                [
                    4.486034654860305e-09,
                    0.9396926164627075,
                    0.3420201241970062,
                    0.6840402483940125
                ],
                [
                    0,
                    0,
                    0,
                    1
                ]
            ]
        },
        {
            "file_path": "Circle",
            "transform_matrix": [
                [
                    -0.9685831665992737,
                    0.08505693823099136,
                    -0.23369207978248596,
                    -0.46738412976264954
                ],
                [
                    -0.2486899048089981,
                    -0.3312748670578003,
                    0.9101704955101013,
                    1.820340871810913
                ],
                [
                    4.5902823209154064e-11,
                    0.9396926760673523,
                    0.34202006459236145,
                    0.6840402483940125
                ],
                [
                    0,
                    0,
                    0,
                    1
                ]
            ]
        },
        {
            "file_path": "Circle",
            "transform_matrix": [
                [
                    -0.9631626009941101,
                    0.09197597205638885,
                    -0.2527019679546356,
                    -0.5054039359092712
                ],
                [
                    -0.26891982555389404,
                    -0.32942089438438416,
                    0.905076801776886,
                    1.8101534843444824
                ],
                [
                    9.871168771269367e-09,
                    0.9396926760673523,
                    0.3420200049877167,
                    0.6840402483940125
                ],
                [
                    0,
                    0,
                    0,
                    1
                ]
            ]
        },
        {
            "file_path": "Circle",
            "transform_matrix": [
                [
                    -0.9573196172714233,
                    0.09885469824075699,
                    -0.2716010808944702,
                    -0.5432021021842957
                ],
                [
                    -0.28903183341026306,
                    -0.32742246985435486,
                    0.8995862007141113,
                    1.7991721630096436
                ],
                [
                    4.156982313929802e-08,
                    0.9396927356719971,
                    0.3420199155807495,
                    0.6840402483940125
                ],
                [
                    0,
                    0,
                    0,
                    1
                ]
            ]
        },
        {
            "file_path": "Circle",
            "transform_matrix": [
                [
                    -0.9510564804077148,
                    0.10569003969430923,
                    -0.2903810143470764,
                    -0.5807619690895081
                ],
                [
                    -0.30901700258255005,
                    -0.32528039813041687,
                    0.8937007784843445,
                    1.787401556968689
                ],
                [
                    2.1933384886096974e-08,
                    0.9396926164627075,
                    0.34202006459236145,
                    0.6840402483940125
                ],
                [
                    0,
                    0,
                    0,
                    1
                ]
            ]
        },
        {
            "file_path": "Circle",
            "transform_matrix": [
                [
                    -0.9443764686584473,
                    0.11247900873422623,
                    -0.3090335726737976,
                    -0.6180671453475952
                ],
                [
                    -0.3288666605949402,
                    -0.32299572229385376,
                    0.887423574924469,
                    1.7748470306396484
                ],
                [
                    1.1209207784190767e-08,
                    0.9396926760673523,
                    0.34202006459236145,
                    0.6840402483940125
                ],
                [
                    0,
                    0,
                    0,
                    1
                ]
            ]
        },
        {
            "file_path": "Circle",
            "transform_matrix": [
                [
                    -0.9372820258140564,
                    0.11921863257884979,
                    -0.3275505602359772,
                    -0.6551011204719543
                ],
                [
                    -0.3485720157623291,
                    -0.3205692172050476,
                    0.8807570338249207,
                    1.7615139484405518
                ],
                [
                    2.7859879736524817e-08,
                    0.9396926760673523,
                    0.3420200049877167,
                    0.6840402483940125
                ],
                [
                    0,
                    0,
                    0,
                    1
                ]
            ]
        },
        {
            "file_path": "Circle",
            "transform_matrix": [
                [
                    -0.9297765493392944,
                    0.12590600550174713,
                    -0.34592390060424805,
                    -0.6918478608131409
                ],
                [
                    -0.3681245446205139,
                    -0.318002313375473,
                    0.8737041354179382,
                    1.747408151626587
                ],
                [
                    1.5318928348051486e-09,
                    0.9396926760673523,
                    0.34202009439468384,
                    0.6840402483940125
                ],
                [
                    0,
                    0,
                    0,
                    1
                ]
            ]
        },
        {
            "file_path": "Circle",
            "transform_matrix": [
                [
                    -0.9218631982803345,
                    0.13253812491893768,
                    -0.36414551734924316,
                    -0.7282910943031311
                ],
                [
                    -0.3875155746936798,
                    -0.3152958154678345,
                    0.8662680387496948,
                    1.7325359582901
                ],
                [
                    -1.3679112953468575e-08,
                    0.9396926164627075,
                    0.3420201539993286,
                    0.6840402483940125
                ],
                [
                    0,
                    0,
                    0,
                    1
                ]
            ]
        },
        {
            "file_path": "Circle",
            "transform_matrix": [
                [
                    -0.9135454297065735,
                    0.13911210000514984,
                    -0.382207453250885,
                    -0.7644148468971252
                ],
                [
                    -0.40673667192459106,
                    -0.31245091557502747,
                    0.8584519028663635,
                    1.716903805732727
                ],
                [
                    -1.7041321243027596e-08,
                    0.9396926164627075,
                    0.34202009439468384,
                    0.6840402483940125
                ],
                [
                    0,
                    0,
                    0,
                    1
                ]
            ]
        },
        {
            "file_path": "Circle",
            "transform_matrix": [
                [
                    -0.9048271179199219,
                    0.14562508463859558,
                    -0.40010175108909607,
                    -0.8002033233642578
                ],
                [
                    -0.42577940225601196,
                    -0.30946895480155945,
                    0.8502594232559204,
                    1.7005186080932617
                ],
                [
                    4.817658805222891e-08,
                    0.9396927356719971,
                    0.3420199155807495,
                    0.6840402483940125
                ],
                [
                    0,
                    0,
                    0,
                    1
                ]
            ]
        },
        {
            "file_path": "Circle",
            "transform_matrix": [
                [
                    -0.8957118391990662,
                    0.15207412838935852,
                    -0.41782042384147644,
                    -0.8356407880783081
                ],
                [
                    -0.44463518261909485,
                    -0.3063514232635498,
                    0.8416938185691833,
                    1.6833875179290771
                ],
                [
                    -1.4210632670597079e-08,
                    0.9396926760673523,
                    0.34202003479003906,
                    0.6840402483940125
                ],
                [
                    0,
                    0,
                    0,
                    1
                ]
            ]
        },
        {
            "file_path": "Circle",
            "transform_matrix": [
                [
                    -0.8862036466598511,
                    0.15845654904842377,
                    -0.43535593152046204,
                    -0.8707117438316345
                ],
                [
                    -0.4632960855960846,
                    -0.3030993640422821,
                    0.8327590823173523,
                    1.6655179262161255
                ],
                [
                    3.7408124597959613e-08,
                    0.9396927356719971,
                    0.3420199453830719,
                    0.6840402483940125
                ],
                [
                    0,
                    0,
                    0,
                    1
                ]
            ]
        },
        {
            "file_path": "Circle",
            "transform_matrix": [
                [
                    -0.8763071298599243,
                    0.1647695153951645,
                    -0.45270049571990967,
                    -0.905400812625885
                ],
                [
                    -0.48175379633903503,
                    -0.2997148633003235,
                    0.8234590888023376,
                    1.6469178199768066
                ],
                [
                    3.669335058020806e-09,
                    0.9396928548812866,
                    0.3420200049877167,
                    0.6840402483940125
                ],
                [
                    0,
                    0,
                    0,
                    1
                ]
            ]
        },
        {
            "file_path": "Circle",
            "transform_matrix": [
                [
                    -0.8660253882408142,
                    0.17101004719734192,
                    -0.46984633803367615,
                    -0.9396926760673523
                ],
                [
                    -0.5,
                    -0.2961980700492859,
                    0.8137977123260498,
                    1.62759530544281
                ],
                [
                    3.7188385704212124e-09,
                    0.9396926760673523,
                    0.34202006459236145,
                    0.6840402483940125
                ],
                [
                    0,
                    0,
                    0,
                    1
                ]
            ]
        },
        {
            "file_path": "Circle",
            "transform_matrix": [
                [
                    -0.8553643226623535,
                    0.1771756410598755,
                    -0.48678621649742126,
                    -0.973572313785553
                ],
                [
                    -0.5180270671844482,
                    -0.2925516963005066,
                    0.8037796020507812,
                    1.6075589656829834
                ],
                [
                    5.7342042225627665e-08,
                    0.9396927356719971,
                    0.3420199453830719,
                    0.6840402483940125
                ],
                [
                    0,
                    0,
                    0,
                    1
                ]
            ]
        },
        {
            "file_path": "Circle",
            "transform_matrix": [
                [
                    -0.8443281054496765,
                    0.18326352536678314,
                    -0.5035125613212585,
                    -1.0070250034332275
                ],
                [
                    -0.5358268618583679,
                    -0.28877711296081543,
                    0.7934088706970215,
                    1.5868175029754639
                ],
                [
                    4.502157224806069e-08,
                    0.9396927952766418,
                    0.3420199155807495,
                    0.6840402483940125
                ],
                [
                    0,
                    0,
                    0,
                    1
                ]
            ]
        },
        {
            "file_path": "Circle",
            "transform_matrix": [
                [
                    -0.8329213261604309,
                    0.18927104771137238,
                    -0.5200179219245911,
                    -1.0400358438491821
                ],
                [
                    -0.5533915162086487,
                    -0.28487586975097656,
                    0.7826899886131287,
                    1.5653798580169678
                ],
                [
                    1.8404511692438064e-08,
                    0.9396926760673523,
                    0.34202009439468384,
                    0.6840402483940125
                ],
                [
                    0,
                    0,
                    0,
                    1
                ]
            ]
        },
        {
            "file_path": "Circle",
            "transform_matrix": [
                [
                    -0.8211492896080017,
                    0.19519548118114471,
                    -0.5362953543663025,
                    -1.072590708732605
                ],
                [
                    -0.5707135796546936,
                    -0.28084948658943176,
                    0.7716279625892639,
                    1.5432556867599487
                ],
                [
                    2.380963159964722e-08,
                    0.9396927356719971,
                    0.3420199751853943,
                    0.6840402483940125
                ],
                [
                    0,
                    0,
                    0,
                    1
                ]
            ]
        },
        {
            "file_path": "Circle",
            "transform_matrix": [
                [
                    -0.8090169429779053,
                    0.20103436708450317,
                    -0.5523375272750854,
                    -1.1046749353408813
                ],
                [
                    -0.5877853035926819,
                    -0.2766999304294586,
                    0.7602273225784302,
                    1.5204546451568604
                ],
                [
                    7.380168653980945e-08,
                    0.9396926760673523,
                    0.3420199751853943,
                    0.6840402483940125
                ],
                [
                    0,
                    0,
                    0,
                    1
                ]
            ]
        },
        {
            "file_path": "Circle",
            "transform_matrix": [
                [
                    -0.7965299487113953,
                    0.20678505301475525,
                    -0.5681374073028564,
                    -1.1362746953964233
                ],
                [
                    -0.6045991778373718,
                    -0.2724292278289795,
                    0.7484933137893677,
                    1.4969866275787354
                ],
                [
                    1.6683662451555392e-08,
                    0.9396926760673523,
                    0.34202003479003906,
                    0.6840402483940125
                ],
                [
                    0,
                    0,
                    0,
                    1
                ]
            ]
        },
        {
            "file_path": "Circle",
            "transform_matrix": [
                [
                    -0.7836934328079224,
                    0.21244506537914276,
                    -0.5836880207061768,
                    -1.167375922203064
                ],
                [
                    -0.6211478114128113,
                    -0.26803892850875854,
                    0.7364309430122375,
                    1.472861886024475
                ],
                [
                    2.767834317296547e-08,
                    0.9396926164627075,
                    0.34202009439468384,
                    0.6840402483940125
                ],
                [
                    0,
                    0,
                    0,
                    1
                ]
            ]
        },
        {
            "file_path": "Circle",
            "transform_matrix": [
                [
                    -0.7705132961273193,
                    0.21801181137561798,
                    -0.5989826917648315,
                    -1.1979652643203735
                ],
                [
                    -0.6374240517616272,
                    -0.2635309100151062,
                    0.7240456938743591,
                    1.4480912685394287
                ],
                [
                    8.835530707074213e-08,
                    0.9396927356719971,
                    0.3420199453830719,
                    0.6840402483940125
                ],
                [
                    0,
                    0,
                    0,
                    1
                ]
            ]
        },
        {
            "file_path": "Circle",
            "transform_matrix": [
                [
                    -0.7569950222969055,
                    0.22348295152187347,
                    -0.6140145063400269,
                    -1.2280290126800537
                ],
                [
                    -0.6534205675125122,
                    -0.2589074671268463,
                    0.7113426923751831,
                    1.4226853847503662
                ],
                [
                    1.9516180671530492e-08,
                    0.9396926164627075,
                    0.34202006459236145,
                    0.6840402483940125
                ],
                [
                    0,
                    0,
                    0,
                    1
                ]
            ]
        },
        {
            "file_path": "Circle",
            "transform_matrix": [
                [
                    -0.7431448101997375,
                    0.22885610163211823,
                    -0.6287771463394165,
                    -1.2575541734695435
                ],
                [
                    -0.6691306233406067,
                    -0.25417041778564453,
                    0.6983277201652527,
                    1.3966554403305054
                ],
                [
                    2.8614977054530755e-08,
                    0.9396926760673523,
                    0.34202003479003906,
                    0.6840402483940125
                ],
                [
                    0,
                    0,
                    0,
                    1
                ]
            ]
        },
        {
            "file_path": "Circle",
            "transform_matrix": [
                [
                    -0.7289686799049377,
                    0.23412887752056122,
                    -0.6432639956474304,
                    -1.2865277528762817
                ],
                [
                    -0.6845472455024719,
                    -0.2493218630552292,
                    0.6850064396858215,
                    1.370012879371643
                ],
                [
                    5.763504873357306e-08,
                    0.9396927356719971,
                    0.3420199453830719,
                    0.6840402483940125
                ],
                [
                    0,
                    0,
                    0,
                    1
                ]
            ]
        },
        {
            "file_path": "Circle",
            "transform_matrix": [
                [
                    -0.7144727110862732,
                    0.23929892480373383,
                    -0.6574684977531433,
                    -1.3149369955062866
                ],
                [
                    -0.6996634006500244,
                    -0.2443639636039734,
                    0.6713847517967224,
                    1.3427693843841553
                ],
                [
                    4.425807276220439e-08,
                    0.9396926760673523,
                    0.34202003479003906,
                    0.6840402483940125
                ],
                [
                    0,
                    0,
                    0,
                    1
                ]
            ]
        },
        {
            "file_path": "Circle",
            "transform_matrix": [
                [
                    -0.699663519859314,
                    0.2443639636039734,
                    -0.6713847517967224,
                    -1.3427693843841553
                ],
                [
                    -0.7144727110862732,
                    -0.2392989695072174,
                    0.6574686169624329,
                    1.3149369955062866
                ],
                [
                    1.299645724373022e-08,
                    0.9396927356719971,
                    0.3420199751853943,
                    0.6840402483940125
                ],
                [
                    0,
                    0,
                    0,
                    1
                ]
            ]
        },
        {
            "file_path": "Circle",
            "transform_matrix": [
                [
                    -0.6845472455024719,
                    0.24932193756103516,
                    -0.6850064396858215,
                    -1.370012879371643
                ],
                [
                    -0.728968620300293,
                    -0.23412905633449554,
                    0.6432639360427856,
                    1.2865277528762817
                ],
                [
                    -7.25651716493303e-08,
                    0.9396926164627075,
                    0.3420201539993286,
                    0.6840402483940125
                ],
                [
                    0,
                    0,
                    0,
                    1
                ]
            ]
        },
        {
            "file_path": "Circle",
            "transform_matrix": [
                [
                    -0.6691306829452515,
                    0.2541704773902893,
                    -0.6983278393745422,
                    -1.3966554403305054
                ],
                [
                    -0.7431449294090271,
                    -0.2288561463356018,
                    0.6287770867347717,
                    1.2575541734695435
                ],
                [
                    -5.226787336276573e-10,
                    0.9396926760673523,
                    0.34202003479003906,
                    0.6840402483940125
                ],
                [
                    0,
                    0,
                    0,
                    1
                ]
            ]
        },
        {
            "file_path": "Circle",
            "transform_matrix": [
                [
                    -0.653420627117157,
                    0.2589075267314911,
                    -0.7113427519798279,
                    -1.4226853847503662
                ],
                [
                    -0.7569950819015503,
                    -0.22348296642303467,
                    0.6140145063400269,
                    1.2280290126800537
                ],
                [
                    1.9319031707709655e-08,
                    0.9396926760673523,
                    0.34202003479003906,
                    0.6840402483940125
                ],
                [
                    0,
                    0,
                    0,
                    1
                ]
            ]
        },
        {
            "file_path": "Circle",
            "transform_matrix": [
                [
                    -0.6374240517616272,
                    0.26353099942207336,
                    -0.7240456938743591,
                    -1.4480912685394287
                ],
                [
                    -0.7705132961273193,
                    -0.21801181137561798,
                    0.5989826917648315,
                    1.1979652643203735
                ],
                [
                    1.7407593588814052e-08,
                    0.9396927356719971,
                    0.3420200049877167,
                    0.6840402483940125
                ],
                [
                    0,
                    0,
                    0,
                    1
                ]
            ]
        },
        {
            "file_path": "Circle",
            "transform_matrix": [
                [
                    -0.6211478114128113,
                    0.26803895831108093,
                    -0.7364310622215271,
                    -1.472861886024475
                ],
                [
                    -0.7836935520172119,
                    -0.2124449610710144,
                    0.5836880207061768,
                    1.1673760414123535
                ],
                [
                    1.0931914573575341e-07,
                    0.9396927356719971,
                    0.3420199751853943,
                    0.6840402483940125
                ],
                [
                    0,
                    0,
                    0,
                    1
                ]
            ]
        },
        {
            "file_path": "Circle",
            "transform_matrix": [
                [
                    -0.6045991778373718,
                    0.2724292278289795,
                    -0.7484933137893677,
                    -1.4969865083694458
                ],
                [
                    -0.7965299487113953,
                    -0.20678508281707764,
                    0.5681373476982117,
                    1.1362746953964233
                ],
                [
                    5.3837929669953155e-09,
                    0.9396926760673523,
                    0.34202006459236145,
                    0.6840402483940125
                ],
                [
                    0,
                    0,
                    0,
                    1
                ]
            ]
        },
        {
            "file_path": "Circle",
            "transform_matrix": [
                [
                    -0.5877853631973267,
                    0.27670007944107056,
                    -0.7602273225784302,
                    -1.5204546451568604
                ],
                [
                    -0.80901700258255,
                    -0.20103448629379272,
                    0.5523375272750854,
                    1.1046749353408813
                ],
                [
                    -3.8631831955626694e-08,
                    0.9396926760673523,
                    0.34202009439468384,
                    0.6840402483940125
                ],
                [
                    0,
                    0,
                    0,
                    1
                ]
            ]
        },
        {
            "file_path": "Circle",
            "transform_matrix": [
                [
                    -0.5707135200500488,
                    0.2808496057987213,
                    -0.7716278433799744,
                    -1.5432556867599487
                ],
                [
                    -0.8211492300033569,
                    -0.1951954960823059,
                    0.5362952947616577,
                    1.0725905895233154
                ],
                [
                    4.344570925240987e-08,
                    0.9396926164627075,
                    0.3420201539993286,
                    0.6840402483940125
                ],
                [
                    0,
                    0,
                    0,
                    1
                ]
            ]
        },
        {
            "file_path": "Circle",
            "transform_matrix": [
                [
                    -0.5533916354179382,
                    0.284875750541687,
                    -0.7826900482177734,
                    -1.5653798580169678
                ],
                [
                    -0.8329212665557861,
                    -0.18927103281021118,
                    0.5200179815292358,
                    1.0400359630584717
                ],
                [
                    6.6760605932358885e-09,
                    0.9396927356719971,
                    0.3420199751853943,
                    0.6840402483940125
                ],
                [
                    0,
                    0,
                    0,
                    1
                ]
            ]
        },
        {
