{
    "camera_angle_x": 0.8575560450553894,
    "sensor_width": 32.0,
    "aabb": [
        [
            -0.5,
            -0.5,
            -0.5
        ],
        [
            0.5,
            0.5,
            0.5
        ]
    ],
    "frames": [
        {
            "file_path": "./train/0000",
            "transform_matrix": [
                [
                    -0.5496106743812561,
                    0.16970059275627136,
                    -0.8180037140846252,
                    -1.3906062841415405
                ],
                [
                    -0.835421085357666,
                    -0.11164337396621704,
                    0.5381519794464111,
                    0.9148582816123962
                ],
                [
                    8.668543927115024e-08,
                    0.9791514873504639,
                    0.20313169062137604,
                    0.3453240394592285
                ],
                [
                    0,
                    0,
                    0,
                    1
                ]
            ]
        },
        {
            "file_path": "./train/0001",
            "transform_matrix": [
                [
                    -0.5225992202758789,
                    0.6673427224159241,
                    -0.5306070446968079,
                    -0.9020318984985352
                ],
                [
                    -0.8525785803794861,
                    -0.40905651450157166,
                    0.3252425193786621,
                    0.5529122352600098
                ],
                [
                    -1.2782768621377727e-08,
                    0.6223556399345398,
                    0.7827346324920654,
                    1.3306488990783691
                ],
                [
                    0,
                    0,
                    0,
                    1
                ]
            ]
        },
        {
            "file_path": "./train/0002",
            "transform_matrix": [
                [
                    0.9003546833992004,
                    0.42889952659606934,
                    -0.07352977246046066,
                    -0.12500067055225372
                ],
                [
                    -0.43515679240226746,
                    0.8874081969261169,
                    -0.15213562548160553,
                    -0.25863078236579895
                ],
                [
                    3.214715604826779e-08,
                    0.16897299885749817,
                    0.9856206774711609,
                    1.6755552291870117
                ],
                [
                    0,
                    0,
                    0,
                    1
                ]
            ]
        },
        {
            "file_path": "./train/0003",
            "transform_matrix": [
                [
                    -0.906141459941864,
                    -0.3841407299041748,
                    0.1770414561033249,
                    0.30097049474716187
                ],
                [
                    0.42297491431236267,
                    -0.8229467868804932,
                    0.3792768120765686,
                    0.644770622253418
                ],
                [
                    1.8880939478549408e-08,
                    0.41856250166893005,
                    0.908187985420227,
                    1.543919563293457
                ],
                [
                    0,
                    0,
                    0,
                    1
                ]
            ]
        },
        {
            "file_path": "./train/0004",
            "transform_matrix": [
                [
                    -0.2803216874599457,
                    0.9193013310432434,
                    -0.2762332260608673,
                    -0.4695965349674225
                ],
                [
                    -0.9599061012268066,
                    -0.2684638798236847,
                    0.08066843450069427,
                    0.13713642954826355
                ],
                [
                    -4.429682221029907e-08,
                    0.287771075963974,
                    0.9576992392539978,
                    1.6280887126922607
                ],
                [
                    0,
                    0,
                    0,
                    1
                ]
            ]
        },
        {
            "file_path": "./train/0005",
            "transform_matrix": [
                [
                    0.9252769947052002,
                    -0.056894607841968536,
                    0.37500062584877014,
                    0.637501060962677
                ],
                [
                    0.3792920708656311,
                    0.13879358768463135,
                    -0.9148080945014954,
                    -1.5551738739013672
                ],
                [
                    -3.3380942454641627e-08,
                    0.988685667514801,
                    0.15000218152999878,
                    0.25500360131263733
                ],
                [
                    0,
                    0,
                    0,
                    1
                ]
            ]
        },
        {
            "file_path": "./train/0006",
            "transform_matrix": [
                [
                    -0.9722561836242676,
                    -0.10246536135673523,
                    0.21028263866901398,
                    0.3574804961681366
                ],
                [
                    0.2339186668395996,
                    -0.42588552832603455,
                    0.874015748500824,
                    1.485826849937439
                ],
                [
                    -9.548814183801824e-09,
                    0.8989562392234802,
                    0.4380384087562561,
                    0.7446653246879578
                ],
                [
                    0,
                    0,
                    0,
                    1
                ]
            ]
        },
        {
            "file_path": "./train/0007",
            "transform_matrix": [
                [
                    -0.9075261950492859,
                    -0.33576712012290955,
                    0.25230297446250916,
                    0.42891502380371094
                ],
                [
                    0.41999563574790955,
                    -0.7255252599716187,
                    0.5451760292053223,
                    0.9267991781234741
                ],
                [
                    -2.6130651420430695e-08,
                    0.6007276177406311,
                    0.7994537949562073,
                    1.3590714931488037
                ],
                [
                    0,
                    0,
                    0,
                    1
                ]
            ]
        },
        {
            "file_path": "./train/0008",
            "transform_matrix": [
                [
                    -0.901266872882843,
                    -0.24248521029949188,
                    0.3590531051158905,
                    0.6103902459144592
                ],
                [
                    0.4332645833492279,
                    -0.504412055015564,
                    0.7468938827514648,
                    1.2697194814682007
                ],
                [
                    -2.257537090599726e-08,
                    0.8287156224250793,
                    0.5596699714660645,
                    0.9514390826225281
                ],
                [
                    0,
                    0,
                    0,
                    1
                ]
            ]
        },
        {
            "file_path": "./train/0009",
            "transform_matrix": [
                [
                    0.9976184368133545,
                    0.0405416339635849,
                    -0.0558018758893013,
                    -0.0948631763458252
                ],
                [
                    -0.06897444278001785,
                    0.5863777995109558,
                    -0.8070958256721497,
                    -1.3720628023147583
                ],
                [
                    -2.683516298063182e-09,
                    0.8090225458145142,
                    0.5877776145935059,
                    0.9992220997810364
                ],
                [
                    0,
                    0,
                    0,
                    1
                ]
            ]
        },
        {
            "file_path": "./train/0010",
            "transform_matrix": [
                [
                    0.7726707458496094,
                    -0.3118153214454651,
                    0.5529476404190063,
                    0.9400111436843872
                ],
                [
                    0.6348069906234741,
                    0.3795336186885834,
                    -0.6730336546897888,
                    -1.1441572904586792
                ],
                [
                    -1.9789254679380974e-09,
                    0.8710484504699707,
                    0.4911970794200897,
                    0.8350350260734558
                ],
                [
                    0,
                    0,
                    0,
                    1
                ]
            ]
        },
        {
            "file_path": "./train/0011",
            "transform_matrix": [
                [
                    -0.014077480882406235,
                    0.7207885980606079,
                    -0.6930120587348938,
                    -1.178120493888855
                ],
                [
                    -0.9999009966850281,
                    -0.010147899389266968,
                    0.009756798855960369,
                    0.016586650162935257
                ],
                [
                    1.4819590887782397e-08,
                    0.6930807828903198,
                    0.7208600044250488,
                    1.2254620790481567
                ],
                [
                    0,
                    0,
                    0,
                    1
                ]
            ]
        },
        {
            "file_path": "./train/0012",
            "transform_matrix": [
                [
                    0.5795429944992065,
                    -0.12773337960243225,
                    0.8048690557479858,
                    1.3682771921157837
                ],
                [
                    0.8149417042732239,
                    0.0908370390534401,
                    -0.5723799467086792,
                    -0.973045825958252
                ],
                [
                    4.01120239246211e-08,
                    0.9876400828361511,
                    0.15673919022083282,
                    0.2664567530155182
                ],
                [
                    0,
                    0,
                    0,
                    1
                ]
            ]
        },
        {
            "file_path": "./train/0013",
            "transform_matrix": [
                [
                    -0.5650014877319336,
                    0.35106852650642395,
                    -0.7466754913330078,
                    -1.2693482637405396
                ],
                [
                    -0.8250899314880371,
                    -0.24040314555168152,
                    0.5113052129745483,
                    0.8692187666893005
                ],
                [
                    5.2664216099174155e-08,
                    0.9049625992774963,
                    0.42549118399620056,
                    0.7233352065086365
                ],
                [
                    0,
                    0,
                    0,
                    1
                ]
            ]
        },
        {
            "file_path": "./train/0014",
            "transform_matrix": [
                [
                    -0.9574729204177856,
                    0.17464475333690643,
                    -0.22966232895851135,
                    -0.39042598009109497
                ],
                [
                    -0.2885231077671051,
                    -0.579564094543457,
                    0.7621416449546814,
                    1.2956408262252808
                ],
                [
                    1.9196804146304203e-09,
                    0.795992910861969,
                    0.6053059697151184,
                    1.0290203094482422
                ],
                [
                    0,
                    0,
                    0,
                    1
                ]
            ]
        },
        {
            "file_path": "./train/0015",
            "transform_matrix": [
                [
                    -0.9932387471199036,
                    0.06253188103437424,
                    -0.09780991822481155,
                    -0.16627684235572815
                ],
                [
                    -0.1160905510187149,
                    -0.535005509853363,
                    0.8368346095085144,
                    1.4226188659667969
                ],
                [
                    1.9124501982048514e-09,
                    0.8425313234329224,
                    0.5386474132537842,
                    0.9157007336616516
                ],
                [
                    0,
                    0,
                    0,
                    1
                ]
            ]
        },
        {
            "file_path": "./train/0016",
            "transform_matrix": [
                [
                    0.9961534142494202,
                    0.08745674043893814,
                    -0.005446275230497122,
                    -0.009258696809411049
                ],
                [
                    -0.08762615919113159,
                    0.9942274689674377,
                    -0.061914268881082535,
                    -0.10525492578744888
                ],
                [
                    1.7587629130844107e-08,
                    0.062153350561857224,
                    0.9980666041374207,
                    1.6967133283615112
                ],
                [
                    0,
                    0,
                    0,
                    1
                ]
            ]
        },
        {
            "file_path": "./train/0017",
            "transform_matrix": [
                [
                    0.0717923641204834,
                    0.19775955379009247,
                    -0.9776180982589722,
                    -1.661950707435608
                ],
                [
                    -0.9974196553230286,
                    0.014234191738069057,
                    -0.07036718726158142,
                    -0.11962421238422394
                ],
                [
                    -9.816152868324934e-08,
                    0.9801473021507263,
                    0.19827108085155487,
                    0.3370610177516937
                ],
                [
                    0,
                    0,
                    0,
                    1
                ]
            ]
        },
        {
            "file_path": "./train/0018",
            "transform_matrix": [
                [
                    -0.8179338574409485,
                    -0.17613543570041656,
                    0.5476866364479065,
                    0.9310671091079712
                ],
                [
                    0.5753123760223389,
                    -0.25041547417640686,
                    0.7786577343940735,
                    1.3237180709838867
                ],
                [
                    -2.9639261711622567e-08,
                    0.9519813656806946,
                    0.30615609884262085,
                    0.5204656720161438
                ],
                [
                    0,
                    0,
                    0,
                    1
                ]
            ]
        },
        {
            "file_path": "./train/0019",
            "transform_matrix": [
                [
                    0.9929020404815674,
                    -0.10534544289112091,
                    0.05520765110850334,
                    0.09385301172733307
                ],
                [
                    0.11893504858016968,
                    0.8794522881507874,
                    -0.46088844537734985,
                    -0.7835103869438171
                ],
                [
                    -5.020226456764476e-09,
                    0.46418318152427673,
                    0.8857392072677612,
                    1.5057567358016968
                ],
                [
                    0,
                    0,
                    0,
                    1
                ]
            ]
        },
        {
            "file_path": "./train/0020",
            "transform_matrix": [
                [
                    0.6110163331031799,
                    0.5398997068405151,
                    -0.5789363980293274,
                    -0.98419189453125
                ],
                [
                    -0.7916180491447449,
                    0.41672566533088684,
                    -0.44685643911361694,
                    -0.7596559524536133
                ],
                [
                    3.898475497976506e-08,
                    0.7313330769538879,
                    0.6820204854011536,
                    1.1594349145889282
                ],
                [
                    0,
                    0,
                    0,
                    1
                ]
            ]
        },
        {
            "file_path": "./train/0021",
            "transform_matrix": [
                [
                    0.9604740142822266,
                    0.27764350175857544,
                    -0.020094988867640495,
                    -0.034161511808633804
                ],
                [
                    -0.2783697545528412,
                    0.9579681754112244,
                    -0.0693347379565239,
                    -0.1178692951798439
                ],
                [
                    1.950759731528251e-08,
                    0.07218804955482483,
                    0.9973910450935364,
                    1.695564866065979
                ],
                [
                    0,
                    0,
                    0,
                    1
                ]
            ]
        },
        {
            "file_path": "./train/0022",
            "transform_matrix": [
                [
                    0.6969513297080994,
                    -0.20497825741767883,
                    0.6871992349624634,
                    1.168238639831543
                ],
                [
                    0.7171184420585632,
                    0.19921372830867767,
                    -0.6678735613822937,
                    -1.1353850364685059
                ],
                [
                    6.486027714913689e-09,
                    0.9582785964012146,
                    0.28583595156669617,
                    0.48592114448547363
                ],
                [
                    0,
                    0,
                    0,
                    1
                ]
            ]
        },
        {
            "file_path": "./train/0023",
            "transform_matrix": [
                [
                    -0.9301090240478516,
                    0.12618018686771393,
                    -0.34492868185043335,
                    -0.586378812789917
                ],
                [
                    -0.36728358268737793,
                    -0.31953877210617065,
                    0.8734974265098572,
                    1.4849456548690796
                ],
                [
                    -2.6729141566761427e-08,
                    0.9391344785690308,
                    0.34354981780052185,
                    0.5840346813201904
                ],
                [
                    0,
                    0,
                    0,
                    1
                ]
            ]
        },
        {
            "file_path": "./train/0024",
            "transform_matrix": [
                [
                    0.8218681216239929,
                    -0.4765481650829315,
                    0.3121452033519745,
                    0.5306468605995178
                ],
                [
                    0.5696777701377869,
                    0.6875110864639282,
                    -0.450328528881073,
                    -0.7655586004257202
                ],
                [
                    -4.5073871746126315e-08,
                    0.5479328632354736,
                    0.8365223407745361,
                    1.4220879077911377
                ],
                [
                    0,
                    0,
                    0,
                    1
                ]
            ]
        },
        {
            "file_path": "./train/0025",
            "transform_matrix": [
                [
                    0.5239658951759338,
                    0.8488724231719971,
                    -0.06982436031103134,
                    -0.11870141327381134
                ],
                [
                    -0.8517392873764038,
                    0.5222022533416748,
                    -0.042953964322805405,
                    -0.07302174717187881
                ],
                [
                    9.689708591054114e-09,
                    0.08197855949401855,
                    0.9966340661048889,
                    1.6942780017852783
                ],
                [
                    0,
                    0,
                    0,
                    1
                ]
            ]
        },
        {
            "file_path": "./train/0026",
            "transform_matrix": [
                [
                    0.8577004671096802,
                    -0.5022744536399841,
                    0.10986491292715073,
                    0.18677034974098206
                ],
                [
                    0.5141497254371643,
                    0.8378902673721313,
                    -0.18327580392360687,
                    -0.3115687966346741
                ],
                [
                    3.3450997527495474e-10,
                    0.21368274092674255,
                    0.9769030809402466,
                    1.6607353687286377
                ],
                [
                    0,
                    0,
                    0,
                    1
                ]
            ]
        },
        {
            "file_path": "./train/0027",
            "transform_matrix": [
                [
                    -0.6303749084472656,
                    0.7398878931999207,
                    -0.23493315279483795,
                    -0.39938637614250183
                ],
                [
                    -0.776291012763977,
                    -0.6008143424987793,
                    0.19077375531196594,
                    0.3243154287338257
                ],
                [
                    -3.053011177200915e-09,
                    0.30263543128967285,
                    0.9531064033508301,
                    1.6202809810638428
                ],
                [
                    0,
                    0,
                    0,
                    1
                ]
            ]
        },
        {
            "file_path": "./train/0028",
            "transform_matrix": [
                [
                    0.9333471655845642,
                    0.29259368777275085,
                    -0.20797118544578552,
                    -0.35355105996131897
                ],
                [
                    -0.35897505283355713,
                    0.7607533931732178,
                    -0.5407320857048035,
                    -0.9192445874214172
                ],
                [
                    2.8515154681940658e-09,
                    0.5793472528457642,
                    0.8150808811187744,
                    1.3856375217437744
                ],
                [
                    0,
                    0,
                    0,
                    1
                ]
            ]
        },
        {
            "file_path": "./train/0029",
            "transform_matrix": [
                [
                    0.693011999130249,
                    0.7136403322219849,
                    -0.10223441570997238,
                    -0.17379863560199738
                ],
                [
                    -0.7209261059761047,
                    0.6860083341598511,
                    -0.09827582538127899,
                    -0.16706916689872742
                ],
                [
                    7.073374774790864e-08,
                    0.14180977642536163,
                    0.989893913269043,
                    1.6828197240829468
                ],
                [
                    0,
                    0,
                    0,
                    1
                ]
            ]
        },
        {
            "file_path": "./train/0030",
            "transform_matrix": [
                [
                    -0.5951334238052368,
                    -0.23087573051452637,
                    0.7697485089302063,
                    1.3085722923278809
                ],
                [
                    0.8036270141601562,
                    -0.17097723484039307,
                    0.5700443387031555,
                    0.9690753817558289
                ],
                [
                    2.5713685403161435e-08,
                    0.9578430652618408,
                    0.28729212284088135,
                    0.4883968234062195
                ],
                [
                    0,
                    0,
                    0,
                    1
                ]
            ]
        },
        {
            "file_path": "./train/0031",
            "transform_matrix": [
                [
                    0.4847482442855835,
                    0.5650461316108704,
                    -0.6676391363143921,
                    -1.1349865198135376
                ],
                [
                    -0.874653697013855,
                    0.3131583631038666,
                    -0.3700171709060669,
                    -0.6290292143821716
                ],
                [
                    -7.951534541916772e-09,
                    0.7633182406425476,
                    0.6460226774215698,
                    1.0982385873794556
                ],
                [
                    0,
                    0,
                    0,
                    1
                ]
            ]
        },
        {
            "file_path": "./train/0032",
            "transform_matrix": [
                [
                    -0.500341534614563,
                    0.5168388485908508,
                    -0.6946480870246887,
                    -1.1809016466140747
                ],
                [
                    -0.8658281564712524,
                    -0.29866883158683777,
                    0.4014206826686859,
                    0.6824151277542114
                ],
                [
                    7.625903464258954e-08,
                    0.8022933006286621,
                    0.5969300270080566,
                    1.01478111743927
                ],
                [
                    0,
                    0,
                    0,
                    1
                ]
            ]
        },
        {
            "file_path": "./train/0033",
            "transform_matrix": [
                [
                    -0.31747663021087646,
                    -0.46164700388908386,
                    0.8283060193061829,
                    1.4081201553344727
                ],
                [
                    0.9482662081718445,
                    -0.1545579731464386,
                    0.27731430530548096,
                    0.4714342951774597
                ],
                [
                    -8.778843607615272e-08,
                    0.87349534034729,
                    0.4868326187133789,
                    0.8276155591011047
                ],
                [
                    0,
                    0,
                    0,
                    1
                ]
            ]
        },
        {
            "file_path": "./train/0034",
            "transform_matrix": [
                [
                    -0.9618563652038574,
                    -0.2488938570022583,
                    0.11350952833890915,
                    0.19296622276306152
                ],
                [
                    0.2735554277896881,
                    -0.8751431107521057,
                    0.3991142213344574,
                    0.6784942746162415
                ],
                [
                    -6.680701131189792e-11,
                    0.4149416387081146,
                    0.9098480343818665,
                    1.5467417240142822
                ],
                [
                    0,
                    0,
                    0,
                    1
                ]
            ]
        },
        {
            "file_path": "./train/0035",
            "transform_matrix": [
                [
                    0.4390200674533844,
                    -0.3741535544395447,
                    0.8168662786483765,
                    1.3886725902557373
                ],
                [
                    0.8984772562980652,
                    0.1828213632106781,
                    -0.3991428017616272,
                    -0.6785428524017334
                ],
                [
                    5.524310253690601e-08,
                    0.909167468547821,
                    0.41643068194389343,
                    0.7079323530197144
                ],
                [
                    0,
                    0,
                    0,
                    1
                ]
            ]
        },
        {
            "file_path": "./train/0036",
            "transform_matrix": [
                [
                    0.37782397866249084,
                    -0.8392370939254761,
                    0.39106282591819763,
                    0.6648068428039551
                ],
                [
                    0.9258774518966675,
                    0.3424685299396515,
                    -0.1595815271139145,
                    -0.27128857374191284
                ],
                [
                    3.0853705368372175e-08,
                    0.42236998677253723,
                    0.9064235091209412,
                    1.5409200191497803
                ],
                [
                    0,
                    0,
                    0,
                    1
                ]
            ]
        },
        {
            "file_path": "./train/0037",
            "transform_matrix": [
                [
                    0.867341935634613,
                    -0.15926526486873627,
                    0.4715427756309509,
                    0.8016226887702942
                ],
                [
                    0.49771279096603394,
                    0.27754440903663635,
                    -0.821736752986908,
                    -1.3969522714614868
                ],
                [
                    -3.0916051940721445e-09,
                    0.9474195837974548,
                    0.3199942111968994,
                    0.5439903736114502
                ],
                [
                    0,
                    0,
                    0,
                    1
                ]
            ]
        },
        {
            "file_path": "./train/0038",
            "transform_matrix": [
                [
                    0.10062270611524582,
                    0.4616655111312866,
                    -0.8813285827636719,
                    -1.4982585906982422
                ],
                [
                    -0.9949246644973755,
                    0.04669104889035225,
                    -0.08913402259349823,
                    -0.15152771770954132
                ],
                [
                    4.4145483713009526e-08,
                    0.88582444190979,
                    0.46402058005332947,
                    0.7888350486755371
                ],
                [
                    0,
                    0,
                    0,
                    1
                ]
            ]
        },
        {
            "file_path": "./train/0039",
            "transform_matrix": [
                [
                    -0.4163691997528076,
                    -0.8966695070266724,
                    0.1504012942314148,
                    0.2556822597980499
                ],
                [
                    0.9091956615447998,
                    -0.41063281893730164,
                    0.0688767209649086,
                    0.11709051579236984
                ],
                [
                    4.2331656402438966e-08,
                    0.16542233526706696,
                    0.9862228035926819,
                    1.6765787601470947
                ],
                [
                    0,
                    0,
                    0,
                    1
                ]
            ]
        }
    ]
}